"0","knitr::opts_chunk$set(echo = TRUE)"
"0",""
"0","library(shiny)"
"0","library(ggplot2)"
"0","library(plotly)"
"0","library(tidyverse)"
"0","library(zoo)"
"0","library(gridExtra)"
"0","library(PurpleAirCEHAT)"
"0","library(lubridate)"
"0",""
